{
 "cells": [
  {
   "cell_type": "code",
   "execution_count": 1,
   "id": "7dd7804d",
   "metadata": {},
   "outputs": [],
   "source": [
    "import pandas as pd\n",
    "import numpy as np\n",
    "import matplotlib.pyplot as plt\n",
    "%matplotlib inline\n",
    "import os\n",
    "import glob"
   ]
  },
  {
   "cell_type": "code",
   "execution_count": 2,
   "id": "8268545d",
   "metadata": {},
   "outputs": [
    {
     "name": "stdout",
     "output_type": "stream",
     "text": [
      "D:\\Trading\\porfolio optimization\\data\n"
     ]
    }
   ],
   "source": [
    "cd data\n"
   ]
  },
  {
   "cell_type": "code",
   "execution_count": 3,
   "id": "e4d9f9eb",
   "metadata": {},
   "outputs": [],
   "source": [
    "extension = 'csv'\n",
    "all_filenames = [i for i in glob.glob('*.{}'.format(extension))]"
   ]
  },
  {
   "cell_type": "code",
   "execution_count": 4,
   "id": "148d7bb0",
   "metadata": {},
   "outputs": [
    {
     "data": {
      "text/plain": [
       "['bajajholdings.csv',\n",
       " 'equitas.csv',\n",
       " 'granules.csv',\n",
       " 'gujalkali.csv',\n",
       " 'itc.csv',\n",
       " 'jppower.csv',\n",
       " 'nam-india.csv',\n",
       " 'nitinspinners.csv',\n",
       " 'shardacrop.csv',\n",
       " 'tatastl.csv',\n",
       " 'tata_power.csv']"
      ]
     },
     "execution_count": 4,
     "metadata": {},
     "output_type": "execute_result"
    }
   ],
   "source": [
    "all_filenames"
   ]
  },
  {
   "cell_type": "code",
   "execution_count": 5,
   "id": "f2dbaa80",
   "metadata": {},
   "outputs": [],
   "source": [
    "combined_csv = pd.concat([pd.read_csv(f) for f in all_filenames ], axis = 1)"
   ]
  },
  {
   "cell_type": "code",
   "execution_count": 6,
   "id": "abd8926c",
   "metadata": {},
   "outputs": [],
   "source": [
    "df = combined_csv['Close Price']"
   ]
  },
  {
   "cell_type": "code",
   "execution_count": 7,
   "id": "5893ea96",
   "metadata": {},
   "outputs": [],
   "source": [
    "df.columns = ['BAJAJHLDNS', 'EQUITAS', 'GRANULES','GUJALKALI', 'ITC', 'JPPOW', 'NAM', 'NITINSP', 'SHARDACROP', 'TATASTL', 'TATAPOW']"
   ]
  },
  {
   "cell_type": "code",
   "execution_count": 8,
   "id": "8af69cf2",
   "metadata": {},
   "outputs": [
    {
     "name": "stderr",
     "output_type": "stream",
     "text": [
      "c:\\users\\k_anu\\appdata\\local\\programs\\python\\python37-32\\lib\\site-packages\\ipykernel_launcher.py:1: SettingWithCopyWarning: \n",
      "A value is trying to be set on a copy of a slice from a DataFrame.\n",
      "Try using .loc[row_indexer,col_indexer] = value instead\n",
      "\n",
      "See the caveats in the documentation: https://pandas.pydata.org/pandas-docs/stable/user_guide/indexing.html#returning-a-view-versus-a-copy\n",
      "  \"\"\"Entry point for launching an IPython kernel.\n"
     ]
    }
   ],
   "source": [
    "df['Date'] = combined_csv['Date'].iloc[:, 1]"
   ]
  },
  {
   "cell_type": "code",
   "execution_count": 9,
   "id": "fbaac96b",
   "metadata": {},
   "outputs": [
    {
     "name": "stderr",
     "output_type": "stream",
     "text": [
      "c:\\users\\k_anu\\appdata\\local\\programs\\python\\python37-32\\lib\\site-packages\\ipykernel_launcher.py:1: SettingWithCopyWarning: \n",
      "A value is trying to be set on a copy of a slice from a DataFrame.\n",
      "Try using .loc[row_indexer,col_indexer] = value instead\n",
      "\n",
      "See the caveats in the documentation: https://pandas.pydata.org/pandas-docs/stable/user_guide/indexing.html#returning-a-view-versus-a-copy\n",
      "  \"\"\"Entry point for launching an IPython kernel.\n"
     ]
    }
   ],
   "source": [
    "df['Date'] = pd.to_datetime(df['Date'])"
   ]
  },
  {
   "cell_type": "code",
   "execution_count": 10,
   "id": "60bb3ba9",
   "metadata": {},
   "outputs": [],
   "source": [
    "df.set_index('Date', inplace = True)"
   ]
  },
  {
   "cell_type": "code",
   "execution_count": 11,
   "id": "1e49cebf",
   "metadata": {},
   "outputs": [
    {
     "data": {
      "text/html": [
       "<div>\n",
       "<style scoped>\n",
       "    .dataframe tbody tr th:only-of-type {\n",
       "        vertical-align: middle;\n",
       "    }\n",
       "\n",
       "    .dataframe tbody tr th {\n",
       "        vertical-align: top;\n",
       "    }\n",
       "\n",
       "    .dataframe thead th {\n",
       "        text-align: right;\n",
       "    }\n",
       "</style>\n",
       "<table border=\"1\" class=\"dataframe\">\n",
       "  <thead>\n",
       "    <tr style=\"text-align: right;\">\n",
       "      <th></th>\n",
       "      <th>BAJAJHLDNS</th>\n",
       "      <th>EQUITAS</th>\n",
       "      <th>GRANULES</th>\n",
       "      <th>GUJALKALI</th>\n",
       "      <th>ITC</th>\n",
       "      <th>JPPOW</th>\n",
       "      <th>NAM</th>\n",
       "      <th>NITINSP</th>\n",
       "      <th>SHARDACROP</th>\n",
       "      <th>TATASTL</th>\n",
       "      <th>TATAPOW</th>\n",
       "    </tr>\n",
       "    <tr>\n",
       "      <th>Date</th>\n",
       "      <th></th>\n",
       "      <th></th>\n",
       "      <th></th>\n",
       "      <th></th>\n",
       "      <th></th>\n",
       "      <th></th>\n",
       "      <th></th>\n",
       "      <th></th>\n",
       "      <th></th>\n",
       "      <th></th>\n",
       "      <th></th>\n",
       "    </tr>\n",
       "  </thead>\n",
       "  <tbody>\n",
       "    <tr>\n",
       "      <th>2020-05-04</th>\n",
       "      <td>1892.60</td>\n",
       "      <td>47.50</td>\n",
       "      <td>161.90</td>\n",
       "      <td>342.50</td>\n",
       "      <td>174.05</td>\n",
       "      <td>0.75</td>\n",
       "      <td>236.10</td>\n",
       "      <td>30.8</td>\n",
       "      <td>151.45</td>\n",
       "      <td>16.70</td>\n",
       "      <td>30.1</td>\n",
       "    </tr>\n",
       "    <tr>\n",
       "      <th>2020-05-05</th>\n",
       "      <td>1890.75</td>\n",
       "      <td>47.80</td>\n",
       "      <td>158.75</td>\n",
       "      <td>335.35</td>\n",
       "      <td>173.90</td>\n",
       "      <td>0.70</td>\n",
       "      <td>232.15</td>\n",
       "      <td>31.0</td>\n",
       "      <td>147.75</td>\n",
       "      <td>16.75</td>\n",
       "      <td>30.5</td>\n",
       "    </tr>\n",
       "    <tr>\n",
       "      <th>2020-05-06</th>\n",
       "      <td>1898.10</td>\n",
       "      <td>51.05</td>\n",
       "      <td>158.40</td>\n",
       "      <td>330.05</td>\n",
       "      <td>163.90</td>\n",
       "      <td>0.75</td>\n",
       "      <td>231.35</td>\n",
       "      <td>30.7</td>\n",
       "      <td>146.50</td>\n",
       "      <td>17.05</td>\n",
       "      <td>29.0</td>\n",
       "    </tr>\n",
       "    <tr>\n",
       "      <th>2020-05-07</th>\n",
       "      <td>1897.80</td>\n",
       "      <td>50.40</td>\n",
       "      <td>159.25</td>\n",
       "      <td>330.95</td>\n",
       "      <td>161.00</td>\n",
       "      <td>0.75</td>\n",
       "      <td>234.10</td>\n",
       "      <td>30.6</td>\n",
       "      <td>145.30</td>\n",
       "      <td>17.00</td>\n",
       "      <td>29.0</td>\n",
       "    </tr>\n",
       "    <tr>\n",
       "      <th>2020-05-08</th>\n",
       "      <td>1876.95</td>\n",
       "      <td>49.30</td>\n",
       "      <td>157.85</td>\n",
       "      <td>326.05</td>\n",
       "      <td>158.25</td>\n",
       "      <td>0.75</td>\n",
       "      <td>240.70</td>\n",
       "      <td>29.7</td>\n",
       "      <td>139.70</td>\n",
       "      <td>16.80</td>\n",
       "      <td>28.5</td>\n",
       "    </tr>\n",
       "  </tbody>\n",
       "</table>\n",
       "</div>"
      ],
      "text/plain": [
       "            BAJAJHLDNS  EQUITAS  GRANULES  GUJALKALI     ITC  JPPOW     NAM  \\\n",
       "Date                                                                          \n",
       "2020-05-04     1892.60    47.50    161.90     342.50  174.05   0.75  236.10   \n",
       "2020-05-05     1890.75    47.80    158.75     335.35  173.90   0.70  232.15   \n",
       "2020-05-06     1898.10    51.05    158.40     330.05  163.90   0.75  231.35   \n",
       "2020-05-07     1897.80    50.40    159.25     330.95  161.00   0.75  234.10   \n",
       "2020-05-08     1876.95    49.30    157.85     326.05  158.25   0.75  240.70   \n",
       "\n",
       "            NITINSP  SHARDACROP  TATASTL  TATAPOW  \n",
       "Date                                               \n",
       "2020-05-04     30.8      151.45    16.70     30.1  \n",
       "2020-05-05     31.0      147.75    16.75     30.5  \n",
       "2020-05-06     30.7      146.50    17.05     29.0  \n",
       "2020-05-07     30.6      145.30    17.00     29.0  \n",
       "2020-05-08     29.7      139.70    16.80     28.5  "
      ]
     },
     "execution_count": 11,
     "metadata": {},
     "output_type": "execute_result"
    }
   ],
   "source": [
    "df.head()"
   ]
  },
  {
   "cell_type": "code",
   "execution_count": 12,
   "id": "3e08f02d",
   "metadata": {},
   "outputs": [
    {
     "data": {
      "text/plain": [
       "BAJAJHLDNS    0.002604\n",
       "EQUITAS       0.002694\n",
       "GRANULES      0.003343\n",
       "GUJALKALI     0.001110\n",
       "ITC           0.000773\n",
       "JPPOW         0.006700\n",
       "NAM           0.001707\n",
       "NITINSP       0.004762\n",
       "SHARDACROP    0.003113\n",
       "TATASTL       0.006260\n",
       "TATAPOW       0.005177\n",
       "dtype: float64"
      ]
     },
     "execution_count": 12,
     "metadata": {},
     "output_type": "execute_result"
    }
   ],
   "source": [
    "df.pct_change(1).mean()"
   ]
  },
  {
   "cell_type": "code",
   "execution_count": 13,
   "id": "1edbdead",
   "metadata": {},
   "outputs": [
    {
     "data": {
      "text/html": [
       "<div>\n",
       "<style scoped>\n",
       "    .dataframe tbody tr th:only-of-type {\n",
       "        vertical-align: middle;\n",
       "    }\n",
       "\n",
       "    .dataframe tbody tr th {\n",
       "        vertical-align: top;\n",
       "    }\n",
       "\n",
       "    .dataframe thead th {\n",
       "        text-align: right;\n",
       "    }\n",
       "</style>\n",
       "<table border=\"1\" class=\"dataframe\">\n",
       "  <thead>\n",
       "    <tr style=\"text-align: right;\">\n",
       "      <th></th>\n",
       "      <th>BAJAJHLDNS</th>\n",
       "      <th>EQUITAS</th>\n",
       "      <th>GRANULES</th>\n",
       "      <th>GUJALKALI</th>\n",
       "      <th>ITC</th>\n",
       "      <th>JPPOW</th>\n",
       "      <th>NAM</th>\n",
       "      <th>NITINSP</th>\n",
       "      <th>SHARDACROP</th>\n",
       "      <th>TATASTL</th>\n",
       "      <th>TATAPOW</th>\n",
       "    </tr>\n",
       "  </thead>\n",
       "  <tbody>\n",
       "    <tr>\n",
       "      <th>BAJAJHLDNS</th>\n",
       "      <td>1.000000</td>\n",
       "      <td>0.404715</td>\n",
       "      <td>0.021226</td>\n",
       "      <td>0.200232</td>\n",
       "      <td>0.092288</td>\n",
       "      <td>0.047940</td>\n",
       "      <td>0.320421</td>\n",
       "      <td>0.266866</td>\n",
       "      <td>0.212637</td>\n",
       "      <td>0.296749</td>\n",
       "      <td>0.280914</td>\n",
       "    </tr>\n",
       "    <tr>\n",
       "      <th>EQUITAS</th>\n",
       "      <td>0.404715</td>\n",
       "      <td>1.000000</td>\n",
       "      <td>0.222899</td>\n",
       "      <td>0.321389</td>\n",
       "      <td>0.158198</td>\n",
       "      <td>0.166575</td>\n",
       "      <td>0.327651</td>\n",
       "      <td>0.305048</td>\n",
       "      <td>0.180880</td>\n",
       "      <td>0.332522</td>\n",
       "      <td>0.387201</td>\n",
       "    </tr>\n",
       "    <tr>\n",
       "      <th>GRANULES</th>\n",
       "      <td>0.021226</td>\n",
       "      <td>0.222899</td>\n",
       "      <td>1.000000</td>\n",
       "      <td>0.117672</td>\n",
       "      <td>0.090486</td>\n",
       "      <td>0.095959</td>\n",
       "      <td>0.154775</td>\n",
       "      <td>0.102735</td>\n",
       "      <td>0.234831</td>\n",
       "      <td>0.186371</td>\n",
       "      <td>0.257618</td>\n",
       "    </tr>\n",
       "    <tr>\n",
       "      <th>GUJALKALI</th>\n",
       "      <td>0.200232</td>\n",
       "      <td>0.321389</td>\n",
       "      <td>0.117672</td>\n",
       "      <td>1.000000</td>\n",
       "      <td>0.128150</td>\n",
       "      <td>0.055528</td>\n",
       "      <td>0.266159</td>\n",
       "      <td>0.181182</td>\n",
       "      <td>0.157271</td>\n",
       "      <td>0.269072</td>\n",
       "      <td>0.275476</td>\n",
       "    </tr>\n",
       "    <tr>\n",
       "      <th>ITC</th>\n",
       "      <td>0.092288</td>\n",
       "      <td>0.158198</td>\n",
       "      <td>0.090486</td>\n",
       "      <td>0.128150</td>\n",
       "      <td>1.000000</td>\n",
       "      <td>0.108145</td>\n",
       "      <td>0.232590</td>\n",
       "      <td>-0.015635</td>\n",
       "      <td>0.130235</td>\n",
       "      <td>0.260595</td>\n",
       "      <td>0.316814</td>\n",
       "    </tr>\n",
       "    <tr>\n",
       "      <th>JPPOW</th>\n",
       "      <td>0.047940</td>\n",
       "      <td>0.166575</td>\n",
       "      <td>0.095959</td>\n",
       "      <td>0.055528</td>\n",
       "      <td>0.108145</td>\n",
       "      <td>1.000000</td>\n",
       "      <td>0.299983</td>\n",
       "      <td>0.133136</td>\n",
       "      <td>0.158630</td>\n",
       "      <td>0.156418</td>\n",
       "      <td>0.147386</td>\n",
       "    </tr>\n",
       "    <tr>\n",
       "      <th>NAM</th>\n",
       "      <td>0.320421</td>\n",
       "      <td>0.327651</td>\n",
       "      <td>0.154775</td>\n",
       "      <td>0.266159</td>\n",
       "      <td>0.232590</td>\n",
       "      <td>0.299983</td>\n",
       "      <td>1.000000</td>\n",
       "      <td>0.313340</td>\n",
       "      <td>0.253226</td>\n",
       "      <td>0.386254</td>\n",
       "      <td>0.350164</td>\n",
       "    </tr>\n",
       "    <tr>\n",
       "      <th>NITINSP</th>\n",
       "      <td>0.266866</td>\n",
       "      <td>0.305048</td>\n",
       "      <td>0.102735</td>\n",
       "      <td>0.181182</td>\n",
       "      <td>-0.015635</td>\n",
       "      <td>0.133136</td>\n",
       "      <td>0.313340</td>\n",
       "      <td>1.000000</td>\n",
       "      <td>0.208589</td>\n",
       "      <td>0.193298</td>\n",
       "      <td>0.200787</td>\n",
       "    </tr>\n",
       "    <tr>\n",
       "      <th>SHARDACROP</th>\n",
       "      <td>0.212637</td>\n",
       "      <td>0.180880</td>\n",
       "      <td>0.234831</td>\n",
       "      <td>0.157271</td>\n",
       "      <td>0.130235</td>\n",
       "      <td>0.158630</td>\n",
       "      <td>0.253226</td>\n",
       "      <td>0.208589</td>\n",
       "      <td>1.000000</td>\n",
       "      <td>0.177272</td>\n",
       "      <td>0.262429</td>\n",
       "    </tr>\n",
       "    <tr>\n",
       "      <th>TATASTL</th>\n",
       "      <td>0.296749</td>\n",
       "      <td>0.332522</td>\n",
       "      <td>0.186371</td>\n",
       "      <td>0.269072</td>\n",
       "      <td>0.260595</td>\n",
       "      <td>0.156418</td>\n",
       "      <td>0.386254</td>\n",
       "      <td>0.193298</td>\n",
       "      <td>0.177272</td>\n",
       "      <td>1.000000</td>\n",
       "      <td>0.453190</td>\n",
       "    </tr>\n",
       "    <tr>\n",
       "      <th>TATAPOW</th>\n",
       "      <td>0.280914</td>\n",
       "      <td>0.387201</td>\n",
       "      <td>0.257618</td>\n",
       "      <td>0.275476</td>\n",
       "      <td>0.316814</td>\n",
       "      <td>0.147386</td>\n",
       "      <td>0.350164</td>\n",
       "      <td>0.200787</td>\n",
       "      <td>0.262429</td>\n",
       "      <td>0.453190</td>\n",
       "      <td>1.000000</td>\n",
       "    </tr>\n",
       "  </tbody>\n",
       "</table>\n",
       "</div>"
      ],
      "text/plain": [
       "            BAJAJHLDNS   EQUITAS  GRANULES  GUJALKALI       ITC     JPPOW  \\\n",
       "BAJAJHLDNS    1.000000  0.404715  0.021226   0.200232  0.092288  0.047940   \n",
       "EQUITAS       0.404715  1.000000  0.222899   0.321389  0.158198  0.166575   \n",
       "GRANULES      0.021226  0.222899  1.000000   0.117672  0.090486  0.095959   \n",
       "GUJALKALI     0.200232  0.321389  0.117672   1.000000  0.128150  0.055528   \n",
       "ITC           0.092288  0.158198  0.090486   0.128150  1.000000  0.108145   \n",
       "JPPOW         0.047940  0.166575  0.095959   0.055528  0.108145  1.000000   \n",
       "NAM           0.320421  0.327651  0.154775   0.266159  0.232590  0.299983   \n",
       "NITINSP       0.266866  0.305048  0.102735   0.181182 -0.015635  0.133136   \n",
       "SHARDACROP    0.212637  0.180880  0.234831   0.157271  0.130235  0.158630   \n",
       "TATASTL       0.296749  0.332522  0.186371   0.269072  0.260595  0.156418   \n",
       "TATAPOW       0.280914  0.387201  0.257618   0.275476  0.316814  0.147386   \n",
       "\n",
       "                 NAM   NITINSP  SHARDACROP   TATASTL   TATAPOW  \n",
       "BAJAJHLDNS  0.320421  0.266866    0.212637  0.296749  0.280914  \n",
       "EQUITAS     0.327651  0.305048    0.180880  0.332522  0.387201  \n",
       "GRANULES    0.154775  0.102735    0.234831  0.186371  0.257618  \n",
       "GUJALKALI   0.266159  0.181182    0.157271  0.269072  0.275476  \n",
       "ITC         0.232590 -0.015635    0.130235  0.260595  0.316814  \n",
       "JPPOW       0.299983  0.133136    0.158630  0.156418  0.147386  \n",
       "NAM         1.000000  0.313340    0.253226  0.386254  0.350164  \n",
       "NITINSP     0.313340  1.000000    0.208589  0.193298  0.200787  \n",
       "SHARDACROP  0.253226  0.208589    1.000000  0.177272  0.262429  \n",
       "TATASTL     0.386254  0.193298    0.177272  1.000000  0.453190  \n",
       "TATAPOW     0.350164  0.200787    0.262429  0.453190  1.000000  "
      ]
     },
     "execution_count": 13,
     "metadata": {},
     "output_type": "execute_result"
    }
   ],
   "source": [
    "df.pct_change(1).corr()"
   ]
  },
  {
   "cell_type": "code",
   "execution_count": 14,
   "id": "e87cb52f",
   "metadata": {},
   "outputs": [],
   "source": [
    "log_ret = np.log(df/df.shift(1))"
   ]
  },
  {
   "cell_type": "code",
   "execution_count": 15,
   "id": "67960b59",
   "metadata": {},
   "outputs": [
    {
     "data": {
      "text/plain": [
       "BAJAJHLDNS    0.599173\n",
       "EQUITAS       0.540150\n",
       "GRANULES      0.731978\n",
       "GUJALKALI     0.187346\n",
       "ITC           0.153721\n",
       "JPPOW         1.452375\n",
       "NAM           0.374132\n",
       "NITINSP       1.060744\n",
       "SHARDACROP    0.692099\n",
       "TATASTL       1.482371\n",
       "TATAPOW       1.203405\n",
       "dtype: float64"
      ]
     },
     "execution_count": 15,
     "metadata": {},
     "output_type": "execute_result"
    }
   ],
   "source": [
    "log_ret.mean()*252"
   ]
  },
  {
   "cell_type": "code",
   "execution_count": 16,
   "id": "ad2f4ccd",
   "metadata": {},
   "outputs": [
    {
     "data": {
      "text/html": [
       "<div>\n",
       "<style scoped>\n",
       "    .dataframe tbody tr th:only-of-type {\n",
       "        vertical-align: middle;\n",
       "    }\n",
       "\n",
       "    .dataframe tbody tr th {\n",
       "        vertical-align: top;\n",
       "    }\n",
       "\n",
       "    .dataframe thead th {\n",
       "        text-align: right;\n",
       "    }\n",
       "</style>\n",
       "<table border=\"1\" class=\"dataframe\">\n",
       "  <thead>\n",
       "    <tr style=\"text-align: right;\">\n",
       "      <th></th>\n",
       "      <th>BAJAJHLDNS</th>\n",
       "      <th>EQUITAS</th>\n",
       "      <th>GRANULES</th>\n",
       "      <th>GUJALKALI</th>\n",
       "      <th>ITC</th>\n",
       "      <th>JPPOW</th>\n",
       "      <th>NAM</th>\n",
       "      <th>NITINSP</th>\n",
       "      <th>SHARDACROP</th>\n",
       "      <th>TATASTL</th>\n",
       "      <th>TATAPOW</th>\n",
       "    </tr>\n",
       "  </thead>\n",
       "  <tbody>\n",
       "    <tr>\n",
       "      <th>BAJAJHLDNS</th>\n",
       "      <td>0.112572</td>\n",
       "      <td>0.070243</td>\n",
       "      <td>0.003925</td>\n",
       "      <td>0.029720</td>\n",
       "      <td>0.009110</td>\n",
       "      <td>0.011140</td>\n",
       "      <td>0.036081</td>\n",
       "      <td>0.045250</td>\n",
       "      <td>0.031263</td>\n",
       "      <td>0.042531</td>\n",
       "      <td>0.042285</td>\n",
       "    </tr>\n",
       "    <tr>\n",
       "      <th>EQUITAS</th>\n",
       "      <td>0.070243</td>\n",
       "      <td>0.275151</td>\n",
       "      <td>0.055302</td>\n",
       "      <td>0.075530</td>\n",
       "      <td>0.024908</td>\n",
       "      <td>0.062662</td>\n",
       "      <td>0.059721</td>\n",
       "      <td>0.085460</td>\n",
       "      <td>0.042198</td>\n",
       "      <td>0.076331</td>\n",
       "      <td>0.091859</td>\n",
       "    </tr>\n",
       "    <tr>\n",
       "      <th>GRANULES</th>\n",
       "      <td>0.003925</td>\n",
       "      <td>0.055302</td>\n",
       "      <td>0.217605</td>\n",
       "      <td>0.024289</td>\n",
       "      <td>0.012717</td>\n",
       "      <td>0.032512</td>\n",
       "      <td>0.024968</td>\n",
       "      <td>0.026586</td>\n",
       "      <td>0.047390</td>\n",
       "      <td>0.038585</td>\n",
       "      <td>0.055308</td>\n",
       "    </tr>\n",
       "    <tr>\n",
       "      <th>GUJALKALI</th>\n",
       "      <td>0.029720</td>\n",
       "      <td>0.075530</td>\n",
       "      <td>0.024289</td>\n",
       "      <td>0.182331</td>\n",
       "      <td>0.016799</td>\n",
       "      <td>0.017122</td>\n",
       "      <td>0.039530</td>\n",
       "      <td>0.042737</td>\n",
       "      <td>0.030104</td>\n",
       "      <td>0.051456</td>\n",
       "      <td>0.054635</td>\n",
       "    </tr>\n",
       "    <tr>\n",
       "      <th>ITC</th>\n",
       "      <td>0.009110</td>\n",
       "      <td>0.024908</td>\n",
       "      <td>0.012717</td>\n",
       "      <td>0.016799</td>\n",
       "      <td>0.082275</td>\n",
       "      <td>0.021391</td>\n",
       "      <td>0.022781</td>\n",
       "      <td>-0.001782</td>\n",
       "      <td>0.016418</td>\n",
       "      <td>0.032519</td>\n",
       "      <td>0.041078</td>\n",
       "    </tr>\n",
       "    <tr>\n",
       "      <th>JPPOW</th>\n",
       "      <td>0.011140</td>\n",
       "      <td>0.062662</td>\n",
       "      <td>0.032512</td>\n",
       "      <td>0.017122</td>\n",
       "      <td>0.021391</td>\n",
       "      <td>0.460305</td>\n",
       "      <td>0.069234</td>\n",
       "      <td>0.048367</td>\n",
       "      <td>0.047005</td>\n",
       "      <td>0.046402</td>\n",
       "      <td>0.046178</td>\n",
       "    </tr>\n",
       "    <tr>\n",
       "      <th>NAM</th>\n",
       "      <td>0.036081</td>\n",
       "      <td>0.059721</td>\n",
       "      <td>0.024968</td>\n",
       "      <td>0.039530</td>\n",
       "      <td>0.022781</td>\n",
       "      <td>0.069234</td>\n",
       "      <td>0.111476</td>\n",
       "      <td>0.054480</td>\n",
       "      <td>0.036893</td>\n",
       "      <td>0.055578</td>\n",
       "      <td>0.053100</td>\n",
       "    </tr>\n",
       "    <tr>\n",
       "      <th>NITINSP</th>\n",
       "      <td>0.045250</td>\n",
       "      <td>0.085460</td>\n",
       "      <td>0.026586</td>\n",
       "      <td>0.042737</td>\n",
       "      <td>-0.001782</td>\n",
       "      <td>0.048367</td>\n",
       "      <td>0.054480</td>\n",
       "      <td>0.270272</td>\n",
       "      <td>0.047191</td>\n",
       "      <td>0.044014</td>\n",
       "      <td>0.048565</td>\n",
       "    </tr>\n",
       "    <tr>\n",
       "      <th>SHARDACROP</th>\n",
       "      <td>0.031263</td>\n",
       "      <td>0.042198</td>\n",
       "      <td>0.047390</td>\n",
       "      <td>0.030104</td>\n",
       "      <td>0.016418</td>\n",
       "      <td>0.047005</td>\n",
       "      <td>0.036893</td>\n",
       "      <td>0.047191</td>\n",
       "      <td>0.183005</td>\n",
       "      <td>0.033542</td>\n",
       "      <td>0.050981</td>\n",
       "    </tr>\n",
       "    <tr>\n",
       "      <th>TATASTL</th>\n",
       "      <td>0.042531</td>\n",
       "      <td>0.076331</td>\n",
       "      <td>0.038585</td>\n",
       "      <td>0.051456</td>\n",
       "      <td>0.032519</td>\n",
       "      <td>0.046402</td>\n",
       "      <td>0.055578</td>\n",
       "      <td>0.044014</td>\n",
       "      <td>0.033542</td>\n",
       "      <td>0.180974</td>\n",
       "      <td>0.087401</td>\n",
       "    </tr>\n",
       "    <tr>\n",
       "      <th>TATAPOW</th>\n",
       "      <td>0.042285</td>\n",
       "      <td>0.091859</td>\n",
       "      <td>0.055308</td>\n",
       "      <td>0.054635</td>\n",
       "      <td>0.041078</td>\n",
       "      <td>0.046178</td>\n",
       "      <td>0.053100</td>\n",
       "      <td>0.048565</td>\n",
       "      <td>0.050981</td>\n",
       "      <td>0.087401</td>\n",
       "      <td>0.197091</td>\n",
       "    </tr>\n",
       "  </tbody>\n",
       "</table>\n",
       "</div>"
      ],
      "text/plain": [
       "            BAJAJHLDNS   EQUITAS  GRANULES  GUJALKALI       ITC     JPPOW  \\\n",
       "BAJAJHLDNS    0.112572  0.070243  0.003925   0.029720  0.009110  0.011140   \n",
       "EQUITAS       0.070243  0.275151  0.055302   0.075530  0.024908  0.062662   \n",
       "GRANULES      0.003925  0.055302  0.217605   0.024289  0.012717  0.032512   \n",
       "GUJALKALI     0.029720  0.075530  0.024289   0.182331  0.016799  0.017122   \n",
       "ITC           0.009110  0.024908  0.012717   0.016799  0.082275  0.021391   \n",
       "JPPOW         0.011140  0.062662  0.032512   0.017122  0.021391  0.460305   \n",
       "NAM           0.036081  0.059721  0.024968   0.039530  0.022781  0.069234   \n",
       "NITINSP       0.045250  0.085460  0.026586   0.042737 -0.001782  0.048367   \n",
       "SHARDACROP    0.031263  0.042198  0.047390   0.030104  0.016418  0.047005   \n",
       "TATASTL       0.042531  0.076331  0.038585   0.051456  0.032519  0.046402   \n",
       "TATAPOW       0.042285  0.091859  0.055308   0.054635  0.041078  0.046178   \n",
       "\n",
       "                 NAM   NITINSP  SHARDACROP   TATASTL   TATAPOW  \n",
       "BAJAJHLDNS  0.036081  0.045250    0.031263  0.042531  0.042285  \n",
       "EQUITAS     0.059721  0.085460    0.042198  0.076331  0.091859  \n",
       "GRANULES    0.024968  0.026586    0.047390  0.038585  0.055308  \n",
       "GUJALKALI   0.039530  0.042737    0.030104  0.051456  0.054635  \n",
       "ITC         0.022781 -0.001782    0.016418  0.032519  0.041078  \n",
       "JPPOW       0.069234  0.048367    0.047005  0.046402  0.046178  \n",
       "NAM         0.111476  0.054480    0.036893  0.055578  0.053100  \n",
       "NITINSP     0.054480  0.270272    0.047191  0.044014  0.048565  \n",
       "SHARDACROP  0.036893  0.047191    0.183005  0.033542  0.050981  \n",
       "TATASTL     0.055578  0.044014    0.033542  0.180974  0.087401  \n",
       "TATAPOW     0.053100  0.048565    0.050981  0.087401  0.197091  "
      ]
     },
     "execution_count": 16,
     "metadata": {},
     "output_type": "execute_result"
    }
   ],
   "source": [
    "log_ret.cov()*252"
   ]
  },
  {
   "cell_type": "code",
   "execution_count": 17,
   "id": "772f117f",
   "metadata": {},
   "outputs": [
    {
     "data": {
      "text/plain": [
       "<AxesSubplot:ylabel='Frequency'>"
      ]
     },
     "execution_count": 17,
     "metadata": {},
     "output_type": "execute_result"
    },
    {
     "data": {
